id	height(cm)	weight(kg)
1	123	57
2	133	56
3	123	71
4	164	89
5	188	77
6	129	98
7	160	46
8	175	99
9	124	80
10	177	80
11	184	79
12	188	71
13	187	74
14	119	93
15	146	77
16	172	88
17	147	57
18	165	69
19	161	47
20	187	75
21	146	82
22	185	90
23	136	62
24	192	100
25	155	91
26	170	58
27	112	89
28	178	76
29	164	91
30	193	45
31	138	60
32	196	74
33	153	41
34	165	59
35	165	54
36	129	60
37	194	103
38	191	95
39	128	74
40	149	98
41	130	99
42	158	45
43	183	86
44	153	93
45	134	78
46	123	77
47	133	104
48	114	79
49	170	59
50	162	74
51	145	85
52	128	61
53	180	82
54	129	65
55	153	71
56	141	97
57	191	64
58	198	45
59	136	46
60	179	73
61	193	71
62	127	73
63	179	89
64	192	78
65	133	84
66	126	91
67	156	84
68	172	77
69	191	94
70	172	61
71	166	67
72	154	79
73	191	102
74	162	89
75	137	56
76	168	94
77	124	63
78	169	82
79	175	83
80	166	87
81	155	101
82	166	47
83	198	71
84	128	89
85	172	83
86	174	49
87	163	47
88	127	78
89	119	97
90	140	48
91	114	63
92	121	82
93	116	82
94	174	76
95	126	89
96	124	46
97	139	62
98	184	74
99	136	95
100	116	88
101	140	71
102	118	83
103	171	103
104	166	81
105	153	99
106	195	84
107	124	68
108	131	49
109	191	104
110	133	45
111	177	76
112	161	80
113	137	70
114	111	51
115	153	66
116	156	90
117	171	80
118	189	67
119	159	82
120	124	42
121	139	71
122	195	100
123	146	101
124	143	100
125	154	69
126	190	83
127	141	48
128	164	92
129	148	46
130	144	57
131	116	55
132	141	41
133	131	53
134	170	67
135	157	82
136	117	63
137	157	103
138	131	57
139	180	47
140	115	98
141	134	41
142	172	70
143	167	42
144	146	53
145	192	70
146	182	89
147	176	62
148	163	74
149	191	64
150	157	87
151	118	46
152	164	82
153	173	78
154	145	45
155	152	55
156	121	99
157	113	101
158	138	94
159	195	69
160	155	48
161	179	100
162	169	65
163	129	66
164	148	66
165	115	40
166	157	65
167	124	95
168	155	53
169	193	101
170	148	52
171	113	79
172	119	66
173	127	51
174	158	62
175	150	63
176	132	66
177	181	87
178	123	66
179	151	60
180	128	52
181	192	80
182	136	84
183	165	68
184	196	104
185	163	61
186	124	41
187	172	51
188	138	50
189	135	101
190	177	69
191	140	84
192	187	82
193	182	91
194	175	97
195	196	65
196	129	87
197	122	79
198	191	85
199	162	55
200	151	49
201	180	56
202	196	43
203	141	49
204	192	76
205	190	57
206	129	77
207	154	91
208	119	93
209	173	69
210	165	91
211	139	66
212	153	73
213	187	49
214	179	92
215	191	59
216	177	64
217	141	43
218	183	78
219	140	103
220	121	92
221	170	55
222	169	67
223	111	94
224	127	61
225	117	72
226	149	86
227	128	51
228	118	101
229	170	46
230	128	87
231	180	74
232	140	67
233	139	61
234	129	51
235	153	91
236	130	50
237	195	92
238	139	93
239	148	93
240	193	63
241	178	43
242	117	60
243	160	81
244	196	99
245	110	99
246	139	91
247	156	83
248	190	82
249	139	100
250	159	96
251	116	85
252	132	93
253	185	94
254	122	64
255	198	53
256	136	62
257	110	88
258	159	95
259	187	84
260	152	88
261	139	40
262	111	64
263	153	89
264	118	63
265	115	68
266	145	60
267	136	47
268	149	63
269	182	58
270	139	61
271	168	74
272	154	45
273	180	93
274	118	43
275	162	80
276	188	100
277	170	104
278	140	60
279	121	78
280	166	101
281	114	40
282	188	97
283	147	50
284	137	45
285	148	82
286	170	53
287	130	61
288	112	104
289	136	87
290	148	90
291	143	52
292	175	101
293	141	71
294	145	102
295	164	54
296	192	69
297	181	42
298	161	93
299	193	43
300	128	85
301	144	85
302	171	96
303	138	80
304	135	62
305	121	90
306	113	42
307	165	73
308	148	44
309	178	98
310	189	52
311	189	83
312	145	46
313	139	62
314	161	97
315	178	76
316	196	81
317	196	78
318	185	96
319	190	69
320	188	95
321	110	66
322	161	92
323	190	59
324	149	41
325	146	101
326	149	80
327	187	98
328	184	102
329	133	63
330	154	75
331	161	94
332	184	100
333	132	46
334	162	82
335	121	60
336	179	59
337	177	52
338	195	47
339	127	69
340	135	46
341	183	99
342	199	67
343	123	73
344	148	61
345	175	103
346	165	62
347	157	100
348	144	66
349	183	51
350	136	90
351	170	42
352	151	43
353	182	63
354	164	100
355	143	88
356	178	62
357	139	42
358	182	95
359	121	54
360	152	65
361	119	64
362	159	60
363	123	85
364	174	78
365	164	85
366	155	47
367	113	62
368	120	88
369	121	69
370	113	101
371	168	85
372	167	60
373	120	88
374	142	50
375	190	61
376	140	64
377	117	86
378	192	48
379	110	57
380	111	72
381	117	60
382	125	94
383	144	50
384	159	102
385	127	54
386	146	71
387	164	43
388	166	57
389	136	79
390	162	60
391	187	87
392	122	98
393	157	67
394	139	65
395	169	58
396	115	91
397	157	90
398	184	87
399	178	63
400	119	75
401	181	102
402	156	55
403	192	76
404	140	91
405	179	84
406	128	51
407	173	53
408	180	60
409	175	47
410	165	76
411	127	95
412	145	101
413	165	56
414	196	46
415	195	57
416	182	58
417	164	79
418	192	49
419	148	76
420	147	95
421	136	77
422	113	65
423	162	98
424	191	82
425	171	48
426	168	63
427	197	93
428	137	57
429	199	103
430	152	92
431	142	69
432	120	102
433	170	61
434	132	48
435	134	69
436	144	50
437	187	98
438	114	40
439	121	76
440	155	82
441	191	65
442	177	49
443	153	92
444	195	77
445	142	102
446	141	44
447	159	104
448	154	68
449	161	77
450	162	42
451	189	79
452	116	88
453	195	77
454	142	101
455	179	70
456	122	84
457	198	66
458	127	53
459	133	96
460	156	41
461	196	102
462	172	103
463	134	87
464	151	87
465	173	85
466	122	79
467	186	65
468	131	95
469	181	69
470	197	75
471	118	53
472	116	75
473	186	102
474	156	54
475	194	68
476	115	46
477	182	94
478	173	48
479	170	85
480	193	69
481	113	60
482	189	65
483	169	98
484	155	96
485	175	92
486	143	60
487	117	98
488	192	102
489	122	77
490	125	43
491	141	56
492	196	67
493	174	87
494	140	76
495	135	51
496	196	105
497	174	96
498	148	100
499	147	78
500	155	87
501	176	73
502	115	43
503	121	53
504	175	57
505	122	62
506	162	71
507	140	79
508	142	79
509	193	60
510	143	48
511	116	89
512	167	81
513	133	76
514	113	73
515	161	86
516	149	52
517	137	93
518	115	92
519	160	75
520	187	80
521	156	58
522	166	102
523	140	72
524	186	84
525	119	92
526	162	54
527	151	51
528	127	96
529	146	73
530	192	92
531	163	64
532	139	73
533	182	82
534	148	68
535	121	50
536	156	65
537	111	90
538	166	42
539	143	45
540	146	91
541	117	95
542	182	41
543	141	53
544	132	98
545	144	104
546	182	89
547	132	59
548	142	46
549	160	67
550	155	66
551	162	99
552	181	45
553	153	63
554	156	103
555	114	67
556	159	77
557	188	65
558	187	90
559	135	67
560	195	92
561	118	65
562	129	91
563	130	66
564	178	80
565	164	94
566	173	93
567	110	69
568	176	100
569	164	93
570	131	84
571	128	65
572	178	104
573	137	99
574	192	60
575	128	55
576	132	93
577	156	82
578	187	93
579	117	100
580	196	82
581	181	96
582	119	73
583	117	96
584	132	55
585	164	45
586	131	100
587	138	41
588	173	78
589	186	41
590	129	42
591	119	103
592	123	41
593	181	57
594	190	68
595	154	90
596	139	41
597	131	92
598	194	81
599	154	58
600	142	78
601	156	94
602	176	102
603	161	50
604	193	44
605	168	81
606	149	104
607	122	82
608	193	69
609	136	84
610	158	77
611	154	104
612	172	68
613	137	65
614	149	67
615	188	69
616	179	75
617	131	69
618	184	45
619	181	57
620	183	73
621	189	70
622	190	60
623	141	68
624	125	55
625	147	79
626	115	51
627	122	41
628	114	55
629	114	83
630	128	50
631	136	77
632	156	104
633	153	80
634	191	55
635	167	56
636	134	53
637	175	48
638	139	45
639	184	49
640	125	99
641	133	60
642	170	55
643	163	103
644	112	52
645	194	89
646	148	54
647	181	66
648	111	64
649	114	74
650	148	92
651	177	49
652	158	68
653	176	40
654	189	95
655	158	100
656	170	83
657	119	82
658	148	72
659	185	68
660	162	101
661	182	56
662	114	51
663	136	63
664	141	40
665	145	71
666	181	104
667	127	59
668	163	77
669	172	62
670	125	92
671	126	76
672	175	64
673	183	83
674	119	82
675	126	62
676	116	79
677	163	46
678	151	93
679	119	100
680	161	50
681	124	52
682	175	64
683	165	104
684	121	64
685	141	97
686	195	57
687	173	88
688	187	69
689	166	57
690	152	44
691	196	90
692	125	53
693	165	70
694	198	47
695	157	104
696	132	104
697	116	61
698	111	53
699	142	83
700	188	53
701	119	86
702	155	79
703	164	56
704	173	79
705	178	44
706	140	75
707	116	60
708	194	94
709	166	62
710	171	42
711	112	59
712	171	57
713	187	58
714	121	74
715	169	65
716	140	85
717	127	57
718	125	71
719	121	66
720	146	81
721	150	50
722	168	53
723	117	48
724	159	57
725	173	46
726	134	41
727	117	69
728	136	88
729	178	43
730	189	47
731	141	94
732	136	104
733	191	43
734	176	56
735	194	45
736	142	62
737	134	73
738	197	52
739	178	61
740	111	55
741	119	102
742	151	59
743	126	86
744	124	48
745	121	46
746	197	46
747	137	82
748	121	52
749	131	79
750	183	80
751	178	54
752	123	55
753	162	66
754	153	79
755	190	65
756	131	98
757	151	77
758	116	46
759	153	95
760	142	82
761	162	51
762	136	79
763	145	86
764	148	46
765	149	80
766	111	86
767	168	82
768	176	80
769	193	97
770	136	82
771	183	43
772	123	42
773	146	50
774	160	54
775	198	92
776	184	75
777	182	50
778	113	56
779	167	99
780	178	82
781	161	48
782	163	86
783	137	63
784	185	64
785	171	75
786	130	43
787	149	91
788	183	62
789	159	53
790	199	103
791	190	50
792	173	64
793	112	78
794	135	83
795	160	65
796	150	68
797	130	93
798	138	82
799	179	79
800	157	53
801	121	56
802	193	80
803	144	53
804	165	44
805	130	72
806	144	45
807	141	86
808	116	90
809	191	60
810	118	73
811	181	93
812	169	90
813	152	91
814	182	47
815	123	63
816	165	41
817	129	59
818	153	74
819	130	98
820	132	83
821	198	55
822	191	79
823	138	76
824	143	64
825	148	83
826	143	66
827	160	66
828	175	102
829	173	85
830	136	99
831	113	89
832	133	88
833	112	95
834	160	83
835	137	82
836	158	47
837	191	81
838	130	104
839	176	55
840	130	103
841	144	46
842	133	51
843	127	56
844	150	83
845	160	46
846	149	64
847	190	77
848	116	75
849	161	42
850	113	79
851	147	73
852	122	61
853	143	47
854	138	67
855	112	47
856	138	67
857	143	68
858	186	42
859	157	97
860	164	82
861	127	75
862	118	81
863	192	48
864	184	64
865	191	96
866	183	86
867	119	74
868	158	45
869	117	89
870	147	62
871	144	58
872	142	80
873	146	87
874	165	54
875	188	66
876	143	70
877	146	56
878	172	75
879	172	82
880	182	54
881	167	85
882	180	46
883	175	46
884	124	47
885	171	77
886	186	42
887	113	53
888	180	101
889	162	46
890	115	66
891	153	50
892	128	74
893	165	92
894	148	62
895	159	92
896	112	90
897	197	47
898	187	79
899	154	62
900	185	66
901	121	52
902	118	76
903	132	77
904	141	101
905	197	59
906	196	62
907	135	41
908	149	78
909	147	44
910	156	80
911	163	70
912	171	81
913	159	54
914	177	86
915	171	41
916	128	80
917	125	41
918	113	96
919	188	58
920	139	99
921	122	80
922	111	57
923	147	61
924	133	47
925	157	51
926	126	54
927	126	43
928	135	72
929	158	97
930	191	60
931	175	51
932	198	70
933	122	101
934	127	104
935	131	68
936	127	43
937	158	63
938	120	98
939	125	63
940	196	90
941	129	57
942	171	90
943	127	87
944	182	71
945	160	46
946	174	92
947	155	74
948	178	57
949	170	54
950	188	60
951	148	63
952	124	64
953	197	105
954	197	92
955	119	80
956	180	86
957	158	68
958	175	103
959	112	78
960	134	77
961	175	46
962	132	87
963	127	44
964	127	56
965	143	100
966	195	77
967	192	47
968	188	52
969	140	58
970	140	78
971	191	65
972	163	47
973	130	61
974	138	100
975	150	88
976	113	48
977	190	89
978	123	100
979	157	63
980	157	94
981	129	51
982	182	72
983	185	46
984	150	51
985	118	71
986	141	75
987	156	48
988	195	73
989	159	91
990	143	95
991	114	97
992	138	59
993	149	56
994	147	46
995	178	103
996	186	72
997	120	82
998	130	54
999	157	92
1000	159	56
1001	167	91
1002	170	71
1003	151	94
1004	172	44
1005	168	100
1006	141	80
1007	116	42
1008	111	91
1009	176	78
1010	192	45
1011	166	81
1012	135	62
1013	194	94
1014	164	40
1015	130	58
1016	137	41
1017	176	96
1018	157	62
1019	186	89
1020	168	83
1021	130	44
1022	197	97
1023	145	105
1024	157	69
1025	196	102
1026	176	66
1027	136	59
1028	139	78
1029	195	80
1030	115	69
1031	165	54
1032	114	94
1033	197	46
1034	145	42
1035	143	88
1036	131	99
1037	142	88
1038	138	79
1039	196	99
1040	193	71
1041	149	96
1042	190	103
1043	140	104
1044	122	58
1045	176	104
1046	176	80
1047	185	90
1048	122	104
1049	177	96
1050	156	51
1051	149	101
1052	120	55
1053	116	103
1054	192	103
1055	139	87
1056	182	42
1057	164	66
1058	192	68
1059	148	70
1060	117	57
1061	145	102
1062	134	57
1063	142	99
1064	123	79
1065	164	73
1066	122	102
1067	191	82
1068	167	93
1069	128	47
1070	188	75
1071	163	40
1072	114	53
1073	123	75
1074	114	44
1075	138	75
1076	185	101
1077	133	67
1078	162	74
1079	129	74
1080	170	83
1081	160	88
1082	134	81
1083	115	82
1084	144	57
1085	141	67
1086	144	60
1087	145	86
1088	113	40
1089	119	104
1090	149	89
1091	161	47
1092	134	85
1093	199	50
1094	129	104
1095	188	49
1096	110	102
1097	191	73
1098	190	47
1099	155	78
1100	130	49
1101	141	47
1102	154	46
1103	167	73
1104	152	55
1105	172	51
1106	171	47
1107	181	80
1108	118	85
1109	180	61
1110	161	89
1111	177	90
1112	174	57
1113	167	81
1114	153	79
1115	171	85
1116	195	79
1117	141	41
1118	185	60
1119	138	89
1120	148	95
1121	150	87
1122	138	91
1123	165	91
1124	192	68
1125	149	76
1126	193	74
1127	156	82
1128	169	88
1129	195	41
1130	124	48
1131	140	56
1132	159	92
1133	187	74
1134	156	61
1135	148	72
1136	185	82
1137	199	76
1138	178	85
1139	121	48
1140	162	90
1141	136	85
1142	198	103
1143	141	59
1144	145	105
1145	148	53
1146	178	88
1147	152	87
1148	184	64
1149	113	48
1150	118	49
1151	195	80
1152	159	64
1153	131	95
1154	112	93
1155	157	77
1156	171	82
1157	196	70
1158	195	84
1159	177	40
1160	166	65
1161	127	75
1162	135	60
1163	165	103
1164	172	42
1165	168	71
1166	119	97
1167	128	96
1168	144	57
1169	140	63
1170	164	65
1171	122	48
1172	128	76
1173	127	76
1174	193	77
1175	118	77
1176	145	99
1177	151	88
1178	118	93
1179	145	100
1180	167	43
1181	150	72
1182	194	105
1183	188	44
1184	199	85
1185	174	96
1186	119	76
1187	165	93
1188	173	60
1189	136	103
1190	178	92
1191	134	89
1192	124	80
1193	136	81
1194	173	51
1195	198	61
1196	165	68
1197	170	72
1198	115	47
1199	179	57
1200	178	105
1201	143	92
1202	186	51
1203	192	41
1204	165	77
1205	181	71
1206	183	98
1207	115	51
1208	132	101
1209	165	70
1210	190	100
1211	118	69
1212	147	92
1213	148	46
1214	111	67
1215	188	70
1216	149	92
1217	163	63
1218	190	83
1219	133	89
1220	127	101
1221	179	101
1222	147	100
1223	121	87
1224	191	53
1225	193	73
1226	114	48
1227	175	99
1228	140	45
1229	169	72
1230	133	65
1231	162	88
1232	165	85
1233	111	76
1234	185	44
1235	151	46
1236	117	91
1237	170	93
1238	131	57
1239	133	55
1240	197	41
1241	126	84
1242	137	103
1243	117	96
1244	134	45
1245	154	41
1246	167	77
1247	161	71
1248	186	61
1249	171	48
1250	198	48
1251	189	80
1252	119	54
1253	198	81
1254	162	59
1255	156	82
1256	154	101
1257	139	68
1258	170	103
1259	111	53
1260	173	85
1261	144	82
1262	165	44
1263	183	70
1264	131	89
1265	152	74
1266	189	69
1267	166	48
1268	138	98
1269	149	88
1270	111	100
1271	186	89
1272	136	82
1273	178	72
1274	184	95
1275	111	62
1276	174	60
1277	160	53
1278	159	49
1279	195	50
1280	176	52
1281	164	44
1282	189	99
1283	132	104
1284	116	82
1285	196	87
1286	149	102
1287	145	60
1288	195	66
1289	153	45
1290	189	92
1291	117	90
1292	148	71
1293	160	55
1294	112	103
1295	156	105
1296	154	92
1297	119	81
1298	192	57
1299	168	88
1300	147	91
1301	188	69
1302	133	84
1303	157	92
1304	158	64
1305	159	85
1306	156	41
1307	175	74
1308	173	63
1309	188	77
1310	181	52
1311	139	103
1312	115	56
1313	130	101
1314	129	65
1315	161	51
1316	157	54
1317	168	68
1318	162	50
1319	134	104
1320	161	46
1321	149	67
1322	174	47
1323	117	69
1324	131	97
1325	132	54
1326	191	64
1327	186	46
1328	143	44
1329	144	60
1330	191	53
1331	175	42
1332	120	64
1333	160	88
1334	192	93
1335	126	42
1336	177	84
1337	156	87
1338	134	95
1339	134	58
1340	159	65
1341	196	45
1342	199	71
1343	135	93
1344	162	43
1345	118	101
1346	163	86
1347	165	91
1348	130	53
1349	136	74
1350	160	67
1351	138	48
1352	120	57
1353	118	67
1354	142	93
1355	138	57
1356	186	91
1357	187	75
1358	143	64
1359	130	68
1360	143	55
1361	113	88
1362	178	53
1363	138	47
1364	169	51
1365	193	43
1366	179	44
1367	125	74
1368	159	52
1369	164	74
1370	139	87
1371	175	77
1372	179	84
1373	156	47
1374	163	98
1375	180	76
1376	118	62
1377	134	57
1378	195	45
1379	178	73
1380	135	58
1381	166	100
1382	150	46
1383	162	56
1384	137	41
1385	182	89
1386	197	62
1387	134	67
1388	158	43
1389	120	82
1390	119	67
1391	186	61
1392	156	92
1393	133	95
1394	191	86
1395	139	80
1396	169	69
1397	187	85
1398	176	100
1399	148	83
1400	111	80
1401	118	88
1402	119	49
1403	182	41
1404	172	96
1405	113	95
1406	176	44
1407	155	103
1408	190	98
1409	182	52
1410	153	60
1411	115	43
1412	175	71
1413	179	72
1414	199	56
1415	162	50
1416	149	96
1417	137	63
1418	189	67
1419	197	93
1420	147	99
1421	182	83
1422	156	55
1423	174	100
1424	153	91
1425	158	77
1426	127	91
1427	185	50
1428	167	53
1429	124	48
1430	178	86
1431	183	95
1432	182	60
1433	197	84
1434	130	65
1435	190	96
1436	140	88
1437	185	53
1438	115	93
1439	195	87
1440	142	69
1441	118	50
1442	146	99
1443	179	105
1444	161	43
1445	161	84
1446	124	97
1447	149	100
1448	198	49
1449	169	99
1450	172	98
1451	140	89
1452	138	47
1453	185	41
1454	179	70
1455	116	52
1456	187	60
1457	146	43
1458	199	93
1459	185	97
1460	153	42
1461	188	60
1462	136	54
1463	123	67
1464	155	96
1465	187	69
1466	180	78
1467	121	75
1468	168	59
1469	137	99
1470	171	51
1471	152	101
1472	167	43
1473	172	43
1474	148	88
1475	187	53
1476	123	61
1477	142	67
1478	180	102
1479	153	41
1480	135	51
1481	124	68
1482	123	89
1483	116	71
1484	160	68
1485	117	99
1486	123	76
1487	193	74
1488	124	66
1489	124	61
1490	116	42
1491	152	75
1492	119	92
1493	116	57
1494	151	81
1495	195	55
1496	174	98
1497	144	88
1498	170	65
1499	132	62
1500	174	68
1501	115	49
1502	194	46
1503	190	104
1504	162	88
1505	158	49
1506	168	44
1507	132	83
1508	168	64
1509	173	63
1510	125	98
1511	119	81
1512	177	82
1513	141	85
1514	145	69
1515	136	42
1516	176	54
1517	146	44
1518	141	55
1519	147	97
1520	184	87
1521	127	95
1522	140	70
1523	196	92
1524	171	41
1525	183	62
1526	147	58
1527	145	68
1528	164	89
1529	124	75
1530	130	64
1531	174	51
1532	199	66
1533	182	96
1534	124	56
1535	142	77
1536	140	43
1537	168	70
1538	177	71
1539	156	62
1540	184	54
1541	110	95
1542	191	48
1543	165	83
1544	152	71
1545	189	83
1546	148	44
1547	177	51
1548	120	69
1549	183	100
1550	145	62
1551	161	80
1552	144	62
1553	151	40
1554	142	49
1555	124	41
1556	129	46
1557	136	98
1558	172	46
1559	197	85
1560	173	76
1561	179	57
1562	176	62
1563	129	92
1564	120	45
1565	125	60
1566	151	66
1567	185	59
1568	180	85
1569	178	99
1570	133	88
1571	188	52
1572	153	102
1573	139	85
1574	190	102
1575	165	44
1576	177	98
1577	162	51
1578	130	85
1579	174	94
1580	187	98
1581	151	72
1582	177	92
1583	170	81
1584	162	51
1585	189	69
1586	179	93
1587	116	53
1588	143	64
1589	181	102
1590	131	57
1591	175	63
1592	180	103
1593	186	53
1594	169	78
1595	137	73
1596	127	77
1597	137	65
1598	148	99
1599	117	53
1600	163	61
1601	113	86
1602	152	49
1603	172	45
1604	194	76
1605	134	57
1606	126	65
1607	175	42
1608	127	61
1609	134	98
1610	142	40
1611	128	95
1612	123	83
1613	168	41
1614	159	93
1615	174	71
1616	155	40
1617	143	80
1618	166	93
1619	117	67
1620	126	105
1621	192	65
1622	197	76
1623	134	68
1624	153	52
1625	114	103
1626	125	90
1627	165	63
1628	160	67
1629	188	44
1630	189	65
1631	161	90
1632	176	85
1633	138	58
1634	113	66
1635	143	90
1636	179	72
1637	159	83
1638	151	73
1639	172	72
1640	118	90
1641	123	97
1642	124	56
1643	137	85
1644	128	70
1645	174	76
1646	136	86
1647	169	84
1648	157	53
1649	167	75
1650	188	102
1651	170	103
1652	198	91
1653	118	48
1654	189	43
1655	138	64
1656	185	69
1657	118	57
1658	157	102
1659	151	102
1660	185	47
1661	194	102
1662	151	104
1663	173	104
1664	126	58
1665	134	99
1666	125	46
1667	167	95
1668	142	72
1669	137	67
1670	142	67
1671	140	91
1672	150	69
1673	162	103
1674	143	52
1675	173	81
1676	182	47
1677	125	100
1678	154	72
1679	151	41
1680	152	77
1681	184	52
1682	144	53
1683	185	55
1684	188	74
1685	188	75
1686	162	85
1687	123	41
1688	195	66
1689	148	41
1690	125	47
1691	140	48
1692	157	94
1693	172	69
1694	179	43
1695	122	67
1696	140	58
1697	194	57
1698	118	61
1699	167	63
1700	150	87
1701	130	100
1702	126	55
1703	126	54
1704	150	74
1705	164	72
1706	141	42
1707	113	45
1708	183	99
1709	174	93
1710	118	90
1711	194	42
1712	163	66
1713	172	91
1714	130	68
1715	154	94
1716	157	49
1717	159	78
1718	125	43
1719	138	100
1720	199	41
1721	180	71
1722	125	98
1723	149	72
1724	170	52
1725	122	46
1726	114	93
1727	123	64
1728	124	102
1729	154	66
1730	177	70
1731	192	72
1732	189	50
1733	177	72
1734	162	77
1735	164	52
1736	180	103
1737	174	46
1738	157	103
1739	169	47
1740	113	63
1741	175	43
1742	167	48
1743	159	97
1744	152	99
1745	128	82
1746	127	41
1747	139	85
1748	126	84
1749	194	83
1750	154	78
1751	175	67
1752	146	45
1753	115	52
1754	161	70
1755	158	42
1756	115	41
1757	182	86
1758	147	52
1759	178	82
1760	181	76
1761	193	104
1762	118	56
1763	148	66
1764	194	42
1765	136	87
1766	183	56
1767	137	48
1768	137	103
1769	132	90
1770	164	94
1771	135	96
1772	191	83
1773	130	81
1774	131	75
1775	169	99
1776	119	86
1777	179	78
1778	164	84
1779	191	55
1780	128	95
1781	153	86
1782	135	42
1783	153	88
1784	185	69
1785	167	46
1786	133	62
1787	140	67
1788	167	66
1789	140	65
1790	145	59
1791	122	101
1792	167	96
1793	120	102
1794	116	96
1795	111	64
1796	134	99
1797	199	47
1798	111	104
1799	137	49
1800	196	46
1801	170	65
1802	173	81
1803	121	79
1804	116	55
1805	188	97
1806	177	98
1807	121	101
1808	183	90
1809	133	105
1810	140	46
1811	120	75
1812	175	77
1813	148	100
1814	133	86
1815	118	44
1816	156	55
1817	189	47
1818	141	40
1819	176	96
1820	127	69
1821	192	66
1822	136	62
1823	162	61
1824	133	51
1825	125	87
1826	177	78
1827	148	57
1828	178	91
1829	180	87
1830	182	63
1831	153	99
1832	155	86
1833	184	61
1834	128	100
1835	176	66
1836	128	102
1837	182	84
1838	144	64
1839	195	83
1840	138	47
1841	126	51
1842	149	95
1843	175	61
1844	132	100
1845	147	76
1846	179	86
1847	186	66
1848	126	99
1849	153	95
1850	173	58
1851	113	80
1852	145	66
1853	193	73
1854	178	40
1855	197	94
1856	126	101
1857	183	42
1858	143	87
1859	190	55
1860	171	92
1861	162	40
1862	189	86
1863	134	72
1864	121	56
1865	135	57
1866	128	89
1867	173	92
1868	194	62
1869	137	70
1870	142	82
1871	190	81
1872	152	44
1873	121	66
1874	120	95
1875	183	68
1876	113	90
1877	115	62
1878	161	63
1879	182	57
1880	157	69
1881	165	79
1882	115	67
1883	187	49
1884	152	86
1885	120	83
1886	118	42
1887	166	66
1888	146	58
1889	166	105
1890	140	74
1891	159	75
1892	177	93
1893	111	91
1894	117	60
1895	173	89
1896	194	74
1897	186	47
1898	163	101
1899	188	85
1900	153	43
1901	122	49
1902	117	96
1903	184	88
1904	133	61
1905	169	86
1906	142	98
1907	136	51
1908	152	84
1909	154	58
1910	149	47
1911	191	68
1912	139	54
1913	140	98
1914	134	85
1915	163	81
1916	165	88
1917	188	83
1918	116	64
1919	116	57
1920	130	88
1921	182	56
1922	168	51
1923	132	66
1924	147	87
1925	190	79
1926	141	100
1927	147	84
1928	138	54
1929	133	82
1930	172	67
1931	194	78
1932	143	68
1933	127	43
1934	191	44
1935	190	64
1936	191	91
1937	166	87
1938	151	66
1939	140	61
1940	173	93
1941	131	64
1942	139	78
1943	160	61
1944	150	64
1945	113	71
1946	168	97
1947	181	78
1948	115	74
1949	183	57
1950	162	99
1951	191	86
1952	134	101
1953	185	40
1954	126	48
1955	120	104
1956	114	77
1957	135	53
1958	195	65
1959	161	87
1960	126	81
1961	114	62
1962	182	87
1963	155	74
1964	192	85
1965	166	103
1966	140	43
1967	169	88
1968	160	92
1969	154	41
1970	118	91
1971	152	100
1972	193	100
1973	169	88
1974	183	70
1975	169	54
1976	143	77
1977	189	84
1978	183	84
1979	190	59
1980	176	57
1981	139	102
1982	146	97
1983	159	53
1984	139	43
1985	164	100
1986	192	44
1987	139	91
1988	114	92
1989	163	57
1990	139	83
1991	130	58
1992	126	47
1993	132	82
1994	192	72
1995	124	79
1996	155	44
1997	137	103
1998	131	49
1999	115	81
2000	174	73
2001	110	97
2002	138	64
2003	122	57
2004	191	87
2005	188	72
2006	182	100
2007	138	81
2008	177	76
2009	125	62
2010	141	91
2011	132	54
2012	165	56
2013	154	95
2014	150	44
2015	160	76
2016	173	87
2017	116	79
2018	112	83
2019	127	58
2020	147	59
2021	167	84
2022	164	76
2023	178	42
2024	137	58
2025	145	84
2026	151	58
2027	170	81
2028	191	79
2029	198	73
2030	173	69
2031	198	71
2032	137	89
2033	196	43
2034	122	61
2035	128	78
2036	168	94
2037	163	62
2038	191	77
2039	112	84
2040	138	94
2041	195	61
2042	137	90
2043	133	46
2044	159	52
2045	180	95
2046	160	91
2047	175	72
2048	126	85
2049	130	68
2050	125	73
2051	155	81
2052	189	61
2053	185	60
2054	178	46
2055	171	58
2056	148	51
2057	137	54
2058	190	68
2059	181	54
2060	172	44
2061	194	50
2062	137	71
2063	187	82
2064	195	70
2065	169	83
2066	124	101
2067	176	95
2068	175	78
2069	165	70
2070	170	91
2071	140	47
2072	153	100
2073	187	80
2074	140	61
2075	120	63
2076	197	104
2077	176	88
2078	140	101
2079	191	104
2080	185	72
2081	158	75
2082	173	86
2083	175	56
2084	157	99
2085	190	79
2086	152	61
2087	110	92
2088	126	70
2089	161	44
2090	133	85
2091	163	71
2092	168	88
2093	129	48
2094	196	90
2095	145	57
2096	145	45
2097	178	74
2098	135	89
2099	151	99
2100	179	73
2101	191	79
2102	196	92
2103	111	40
2104	119	52
2105	194	50
2106	179	67
2107	170	63
2108	146	78
2109	164	67
2110	182	45
2111	183	72
2112	185	66
2113	171	94
2114	184	74
2115	169	53
2116	164	101
2117	187	102
2118	168	91
2119	137	75
2120	192	44
2121	123	61
2122	165	78
2123	164	51
2124	143	85
2125	123	53
2126	125	88
2127	166	98
2128	196	73
2129	139	42
2130	141	100
2131	118	100
2132	196	62
2133	195	53
2134	117	102
2135	177	100
2136	193	104
2137	114	50
2138	133	84
2139	157	61
2140	164	80
2141	173	101
2142	156	57
2143	193	102
2144	149	45
2145	186	55
2146	169	51
2147	135	63
2148	164	80
2149	111	89
2150	167	96
2151	182	67
2152	118	93
2153	129	76
2154	158	84
2155	185	104
2156	129	46
2157	134	48
2158	145	92
2159	141	80
2160	167	71
2161	133	71
2162	190	83
2163	186	63
2164	182	86
2165	122	62
2166	195	79
2167	137	77
2168	137	59
2169	176	69
2170	163	65
2171	194	61
2172	157	95
2173	180	42
2174	134	57
2175	175	42
2176	180	98
2177	176	100
2178	154	91
2179	167	101
2180	196	44
2181	192	43
2182	150	58
2183	174	66
2184	125	48
2185	119	41
2186	148	105
2187	133	43
2188	196	66
2189	189	53
2190	144	73
2191	162	92
2192	179	46
2193	189	82
2194	160	61
2195	171	65
2196	180	48
2197	186	100
2198	141	58
2199	195	98
2200	167	44
2201	147	74
2202	173	80
2203	143	100
2204	172	94
2205	161	71
2206	119	62
2207	134	85
2208	113	91
2209	116	66
2210	147	64
2211	118	60
2212	167	69
2213	158	105
2214	157	82
2215	160	57
2216	180	62
2217	121	88
2218	174	91
2219	189	87
2220	154	76
2221	174	75
2222	141	74
2223	136	78
2224	111	80
2225	145	56
2226	154	47
2227	183	53
2228	199	91
2229	147	67
2230	127	43
2231	126	98
2232	163	77
2233	182	54
2234	190	60
2235	151	74
2236	132	66
2237	167	41
2238	147	88
2239	113	46
2240	136	51
2241	153	75
2242	163	94
2243	132	71
2244	180	57
2245	119	80
2246	168	72
2247	113	63
2248	125	42
2249	171	78
2250	138	67
2251	158	92
2252	175	54
2253	145	61
2254	140	64
2255	134	95
2256	187	82
2257	175	97
2258	163	55
2259	132	58
2260	197	56
2261	153	71
2262	154	77
2263	156	88
2264	170	75
2265	145	49
2266	191	45
2267	153	105
2268	152	71
2269	145	42
2270	143	94
2271	138	51
2272	116	102
2273	124	44
2274	124	63
2275	124	68
2276	182	42
2277	152	89
2278	168	56
2279	182	52
2280	137	73
2281	148	57
2282	114	103
2283	147	74
2284	122	50
2285	125	72
2286	148	84
2287	190	96
2288	138	44
2289	163	79
2290	162	102
2291	111	104
2292	187	51
2293	151	84
2294	153	68
2295	199	47
2296	120	79
2297	163	57
2298	120	95
2299	153	98
2300	150	98
2301	181	94
2302	123	64
2303	176	64
2304	178	78
2305	186	86
2306	162	95
2307	143	65
2308	116	66
2309	118	43
2310	132	49
2311	111	92
2312	123	87
2313	177	99
2314	150	41
2315	121	61
2316	164	50
2317	167	78
2318	156	94
2319	115	61
2320	154	50
2321	152	93
2322	155	79
2323	195	88
2324	168	103
2325	137	67
2326	129	86
2327	175	54
2328	154	66
2329	137	83
2330	153	61
2331	174	55
2332	176	48
2333	123	63
2334	194	80
2335	116	94
2336	172	54
2337	135	97
2338	157	65
2339	196	80
2340	196	66
2341	143	45
2342	120	46
2343	192	46
2344	165	58
2345	190	98
2346	184	52
2347	161	61
2348	157	58
2349	189	44
2350	161	100
2351	174	68
2352	127	67
2353	129	55
2354	133	75
2355	169	40
2356	127	53
2357	165	43
2358	195	43
2359	157	99
2360	115	86
2361	173	81
2362	133	88
2363	193	104
2364	144	98
2365	167	59
2366	169	69
2367	122	104
2368	142	98
2369	175	51
2370	191	94
2371	182	62
2372	129	78
2373	170	71
2374	120	79
2375	171	99
2376	159	68
2377	128	105
2378	145	83
2379	151	96
2380	155	77
2381	132	41
2382	152	97
2383	167	50
2384	139	73
2385	123	99
2386	143	95
2387	122	94
2388	194	81
2389	184	60
2390	128	84
2391	182	95
2392	181	100
2393	177	101
2394	164	99
2395	172	71
2396	182	55
2397	125	43
2398	112	41
2399	133	53
2400	134	72
2401	161	54
2402	155	74
2403	141	103
2404	124	52
2405	159	99
2406	148	66
2407	179	80
2408	188	98
2409	163	76
2410	112	56
2411	157	57
2412	177	53
2413	111	79
2414	131	62
2415	182	55
2416	134	99
2417	181	100
2418	128	98
2419	177	57
2420	183	45
2421	130	54
2422	161	56
2423	155	98
2424	127	43
2425	171	91
2426	130	58
2427	150	63
2428	170	97
2429	149	60
2430	153	46
2431	194	54
2432	196	93
2433	165	93
2434	131	44
2435	179	84
2436	113	54
2437	162	68
2438	125	71
2439	196	89
2440	143	84
2441	132	84
2442	149	90
2443	189	58
2444	176	99
2445	179	43
2446	169	100
2447	166	101
2448	190	71
2449	136	49
2450	171	54
2451	111	53
2452	167	47
2453	130	47
2454	143	53
2455	137	80
2456	191	49
2457	121	97
2458	153	50
2459	150	61
2460	124	90
2461	114	69
2462	151	59
2463	120	44
2464	134	87
2465	120	89
2466	128	85
2467	180	49
2468	194	55
2469	139	75
2470	114	82
2471	126	101
2472	183	84
2473	152	78
2474	126	43
2475	162	90
2476	132	43
2477	139	44
2478	161	53
2479	155	67
2480	176	86
2481	153	40
2482	131	52
2483	197	67
2484	171	41
2485	175	43
2486	189	61
2487	122	100
2488	159	91
2489	118	95
2490	174	66
2491	181	72
2492	151	91
2493	173	92
2494	113	48
2495	188	43
2496	176	52
2497	180	70
2498	121	52
2499	152	42
2500	183	71
2501	187	93
2502	126	48
2503	147	99
2504	188	77
2505	175	93
2506	180	90
2507	162	84
2508	128	62
2509	130	105
2510	119	103
2511	153	46
2512	169	73
2513	139	65
2514	195	70
2515	138	88
2516	147	59
2517	130	82
2518	144	104
2519	186	49
2520	117	73
2521	155	93
2522	135	70
2523	196	101
2524	178	76
2525	113	87
2526	135	79
2527	152	75
2528	190	95
2529	160	92
2530	170	84
2531	188	71
2532	179	62
2533	128	63
2534	112	41
2535	151	100
2536	115	98
2537	173	104
2538	145	47
2539	150	78
2540	120	89
2541	156	72
2542	116	53
2543	166	77
2544	146	85
2545	197	44
2546	169	103
2547	124	59
2548	122	67
2549	154	103
2550	131	84
2551	152	73
2552	141	73
2553	147	100
2554	146	96
2555	134	42
2556	164	80
2557	198	83
2558	168	44
2559	145	42
2560	146	93
2561	139	59
2562	139	93
2563	116	47
2564	167	97
2565	193	83
2566	174	54
2567	177	87
2568	147	102
2569	179	92
2570	130	47
2571	111	71
2572	119	98
2573	165	55
2574	191	73
2575	129	84
2576	130	69
2577	136	96
2578	162	103
2579	176	92
2580	111	41
2581	165	97
2582	135	52
2583	175	49
2584	128	87
2585	184	64
2586	154	70
2587	122	91
2588	113	73
2589	123	51
2590	196	94
2591	115	41
2592	137	98
2593	194	60
2594	197	90
2595	192	49
2596	193	60
2597	184	95
2598	192	83
2599	112	74
2600	164	82
2601	181	89
2602	115	83
2603	130	67
2604	155	81
2605	177	79
2606	120	95
2607	145	94
2608	152	41
2609	117	63
2610	179	89
2611	112	69
2612	160	45
2613	185	105
2614	175	41
2615	194	94
2616	118	65
2617	129	82
2618	127	50
2619	172	45
2620	148	42
2621	132	79
2622	151	77
2623	162	82
2624	144	65
2625	172	76
2626	152	48
2627	177	99
2628	172	82
2629	181	45
2630	183	68
2631	197	67
2632	181	64
2633	196	87
2634	124	51
2635	139	46
2636	158	83
2637	191	97
2638	178	89
2639	144	66
2640	146	56
2641	130	89
2642	196	53
2643	117	101
2644	184	84
2645	167	61
2646	160	41
2647	174	76
2648	154	93
2649	176	61
2650	119	54
2651	162	52
2652	171	95
2653	164	74
2654	142	88
2655	198	44
2656	165	73
2657	152	53
2658	140	81
2659	123	94
2660	145	42
2661	172	60
2662	130	71
2663	188	48
2664	118	82
2665	176	41
2666	138	59
2667	152	43
2668	116	77
2669	122	72
2670	129	76
2671	128	97
2672	190	84
2673	159	60
2674	118	43
2675	156	56
2676	114	89
2677	188	55
2678	144	71
2679	187	103
2680	153	65
2681	168	58
2682	173	105
2683	180	77
2684	146	82
2685	142	104
2686	174	100
2687	117	50
2688	141	41
2689	197	79
2690	192	84
2691	198	47
2692	129	71
2693	157	56
2694	180	78
2695	157	67
2696	124	91
2697	148	65
2698	127	87
2699	168	77
2700	146	96
2701	188	51
2702	140	55
2703	150	50
2704	192	81
2705	159	61
2706	132	79
2707	177	76
2708	118	48
2709	174	59
2710	147	77
2711	168	72
2712	127	42
2713	119	55
2714	169	77
2715	174	100
2716	194	93
2717	141	104
2718	123	85
2719	132	103
2720	137	60
2721	155	98
2722	143	94
2723	133	67
2724	192	66
2725	134	52
2726	194	78
2727	163	52
2728	139	104
2729	165	99
2730	146	57
2731	174	74
2732	114	74
2733	134	42
2734	120	69
2735	185	74
2736	163	41
2737	170	96
2738	110	93
2739	157	54
2740	141	42
2741	117	88
2742	179	46
2743	138	82
2744	140	40
2745	171	65
2746	139	81
2747	112	71
2748	150	77
2749	147	102
2750	192	98
2751	126	61
2752	191	52
2753	126	72
2754	119	51
2755	172	59
2756	111	76
2757	130	50
2758	135	99
2759	152	85
2760	184	95
2761	130	43
2762	111	82
2763	184	104
2764	193	58
2765	167	50
2766	193	83
2767	129	84
2768	196	91
2769	184	99
2770	137	73
2771	152	68
2772	120	49
2773	181	50
2774	196	97
2775	147	97
2776	185	84
2777	188	102
2778	120	56
2779	161	54
2780	113	97
2781	149	47
2782	131	57
2783	182	90
2784	163	103
2785	161	68
2786	136	68
2787	156	81
2788	118	66
2789	122	98
2790	130	68
2791	190	45
2792	125	41
2793	190	90
2794	176	74
2795	173	79
2796	152	47
2797	185	54
2798	125	77
2799	181	91
2800	153	45
2801	141	61
2802	197	55
2803	183	45
2804	158	85
2805	147	85
2806	149	82
2807	134	93
2808	117	69
2809	168	92
2810	185	69
2811	166	86
2812	111	91
2813	116	43
2814	170	44
2815	134	72
2816	185	71
2817	166	54
2818	169	103
2819	148	57
2820	151	67
2821	188	41
2822	150	45
2823	149	104
2824	167	63
2825	148	98
2826	179	83
2827	142	70
2828	198	46
2829	166	52
2830	164	49
2831	154	92
2832	198	104
2833	147	69
2834	129	55
2835	194	43
2836	186	98
2837	169	70
2838	178	48
2839	119	95
2840	114	63
2841	163	98
2842	121	59
2843	146	45
2844	155	103
2845	152	54
2846	183	50
2847	147	53
2848	128	56
2849	181	102
2850	195	89
2851	155	69
2852	188	57
2853	161	46
2854	185	47
2855	135	99
2856	167	94
2857	156	49
2858	164	44
2859	143	101
2860	143	99
2861	115	84
2862	148	51
2863	166	76
2864	117	99
2865	144	55
2866	162	57
2867	117	58
2868	166	86
2869	118	81
2870	116	86
2871	135	58
2872	184	81
2873	136	100
2874	136	85
2875	154	60
2876	148	42
2877	183	78
2878	156	67
2879	177	66
2880	163	45
2881	176	55
2882	173	71
2883	198	47
2884	171	101
2885	115	102
2886	124	59
2887	186	44
2888	185	55
2889	166	54
2890	150	87
2891	167	44
2892	191	80
2893	186	54
2894	171	54
2895	158	64
2896	191	76
2897	117	41
2898	170	74
2899	115	83
2900	138	87
2901	166	43
2902	158	99
2903	164	85
2904	125	63
2905	156	43
2906	155	89
2907	170	88
2908	142	63
2909	189	50
2910	153	87
2911	167	50
2912	162	105
2913	172	86
2914	174	44
2915	112	102
2916	130	81
2917	137	100
2918	147	87
2919	138	90
2920	189	55
2921	113	74
2922	185	79
2923	199	96
2924	120	43
2925	150	90
2926	129	70
2927	124	86
2928	194	84
2929	182	50
2930	114	86
2931	115	88
2932	165	68
2933	152	71
2934	137	77
2935	181	85
2936	134	77
2937	186	61
2938	168	81
2939	164	52
2940	112	92
2941	167	74
2942	147	83
2943	171	54
2944	130	72
2945	193	91
2946	168	45
2947	165	69
2948	182	63
2949	178	48
2950	130	97
2951	166	75
2952	164	57
2953	157	43
2954	180	92
2955	152	67
2956	193	87
2957	139	83
2958	174	104
2959	164	100
2960	152	92
2961	133	77
2962	123	85
2963	171	76
2964	140	44
2965	173	56
2966	117	52
2967	170	89
2968	128	69
2969	145	78
2970	181	47
2971	138	65
2972	162	47
2973	199	95
2974	115	90
2975	120	91
2976	145	73
2977	128	46
2978	160	65
2979	140	100
2980	185	60
2981	141	58
2982	167	74
2983	114	64
2984	186	60
2985	113	47
2986	196	92
2987	130	70
2988	115	67
2989	148	70
2990	188	67
2991	112	87
2992	140	90
2993	176	59
2994	121	90
2995	146	92
2996	176	76
2997	133	91
2998	111	98
2999	112	72
3000	168	61
3001	171	67
3002	146	95
3003	167	101
3004	173	65
3005	143	74
3006	142	72
3007	185	50
3008	139	67
3009	119	47
3010	156	67
3011	174	89
3012	169	77
3013	122	85
3014	192	82
3015	142	94
3016	180	87
3017	166	97
3018	155	104
3019	120	102
3020	155	88
3021	156	74
3022	193	95
3023	156	40
3024	130	93
3025	182	90
3026	145	61
3027	129	47
3028	163	51
3029	187	93
3030	119	64
3031	115	79
3032	148	68
3033	126	82
3034	174	96
3035	173	95
3036	134	97
3037	168	68
3038	156	83
3039	126	87
3040	125	73
3041	121	97
3042	196	74
3043	168	91
3044	157	49
3045	121	100
3046	125	64
3047	169	55
3048	124	73
3049	144	85
3050	196	96
3051	142	96
3052	140	97
3053	177	44
3054	121	43
3055	177	86
3056	114	87
3057	128	70
3058	174	75
3059	150	105
3060	137	88
3061	160	90
3062	122	43
3063	137	88
3064	115	41
3065	174	46
3066	129	94
3067	168	83
3068	141	102
3069	162	58
3070	173	65
3071	146	70
3072	168	61
3073	157	55
3074	123	61
3075	182	41
3076	162	79
3077	195	73
3078	185	64
3079	170	88
3080	143	89
3081	190	89
3082	119	70
3083	189	79
3084	190	59
3085	125	84
3086	176	57
3087	197	87
3088	184	96
3089	195	41
3090	159	76
3091	161	70
3092	120	80
3093	119	48
3094	154	84
3095	119	92
3096	160	94
3097	144	70
3098	145	98
3099	116	70
3100	169	52
3101	173	53
3102	129	62
3103	173	69
3104	146	85
3105	130	48
3106	174	73
3107	142	59
3108	148	76
3109	116	73
3110	143	52
3111	152	93
3112	153	54
3113	119	67
3114	173	71
3115	153	65
3116	123	98
3117	151	53
3118	180	100
3119	135	56
3120	155	78
3121	169	48
3122	173	102
3123	194	40
3124	168	99
3125	171	70
3126	186	52
3127	144	82
3128	134	80
3129	149	76
3130	113	62
3131	138	89
3132	171	44
3133	126	60
3134	181	62
3135	193	86
3136	173	43
3137	182	91
3138	168	55
3139	162	57
3140	169	92
3141	177	59
3142	116	45
3143	177	95
3144	195	48
3145	111	88
3146	171	62
3147	110	71
3148	149	104
3149	143	72
3150	161	66
3151	150	103
3152	155	56
3153	159	90
3154	195	67
3155	194	70
3156	190	104
3157	141	63
3158	157	50
3159	170	70
3160	144	96
3161	144	100
3162	112	62
3163	119	75
3164	155	55
3165	163	40
3166	150	98
3167	146	67
3168	185	68
3169	125	90
3170	171	99
3171	174	96
3172	122	98
3173	177	47
3174	161	57
3175	159	81
3176	139	63
3177	160	76
3178	113	78
3179	166	104
3180	192	82
3181	140	66
3182	159	41
3183	183	45
3184	132	98
3185	140	80
3186	172	53
3187	164	84
3188	179	50
3189	140	59
3190	159	63
3191	178	45
3192	191	60
3193	134	50
3194	170	53
3195	167	52
3196	193	87
3197	131	101
3198	181	101
3199	179	69
3200	157	96
3201	151	64
3202	157	83
3203	146	64
3204	164	88
3205	184	88
3206	189	100
3207	148	77
3208	115	43
3209	177	52
3210	165	79
3211	155	98
3212	169	77
3213	194	70
3214	155	53
3215	182	50
3216	145	96
3217	125	83
3218	127	58
3219	169	69
3220	183	59
3221	143	47
3222	132	96
3223	191	65
3224	128	55
3225	169	55
3226	150	59
3227	170	82
3228	128	57
3229	176	75
3230	183	63
3231	173	57
3232	188	93
3233	117	89
3234	195	59
3235	114	64
3236	136	98
3237	170	94
3238	119	50
3239	194	84
3240	179	62
3241	195	59
3242	171	43
3243	112	46
3244	145	98
3245	158	71
3246	114	80
3247	111	46
3248	166	89
3249	182	59
3250	131	98
3251	176	59
3252	178	88
3253	130	83
3254	173	71
3255	162	44
3256	181	67
3257	183	105
3258	124	98
3259	129	99
3260	153	56
3261	183	84
3262	149	58
3263	176	98
3264	144	96
3265	120	71
3266	122	42
3267	155	100
3268	135	71
3269	194	84
3270	175	97
3271	189	67
3272	162	44
3273	124	65
3274	186	72
3275	186	87
3276	157	62
3277	117	84
3278	130	62
3279	138	75
3280	152	49
3281	113	83
3282	191	90
3283	115	83
3284	133	84
3285	191	61
3286	192	98
3287	123	84
3288	160	80
3289	181	98
3290	126	92
3291	174	55
3292	188	79
3293	156	45
3294	180	83
3295	172	48
3296	134	103
3297	135	93
3298	188	82
3299	139	103
3300	120	43
3301	115	47
3302	118	94
3303	141	89
3304	135	102
3305	163	103
3306	158	82
3307	178	102
3308	158	88
3309	110	98
3310	129	41
3311	131	54
3312	152	70
3313	190	70
3314	177	64
3315	165	104
3316	150	64
3317	184	101
3318	139	99
3319	126	57
3320	152	105
3321	144	58
3322	178	41
3323	192	56
3324	112	53
3325	134	95
3326	147	84
3327	196	86
3328	146	89
3329	159	43
3330	184	97
3331	122	41
3332	191	60
3333	160	72
3334	115	99
3335	147	70
3336	189	88
3337	142	60
3338	134	69
3339	194	54
3340	174	74
3341	182	98
3342	116	64
3343	125	94
3344	168	43
3345	191	105
3346	157	74
3347	157	95
3348	180	87
3349	172	96
3350	179	45
3351	178	47
3352	137	43
3353	142	65
3354	137	68
3355	191	71
3356	143	53
3357	122	64
3358	149	89
3359	114	43
3360	144	64
3361	178	75
3362	121	102
3363	138	75
3364	167	98
3365	147	50
3366	193	73
3367	192	91
3368	187	62
3369	138	92
3370	118	84
3371	124	96
3372	189	69
3373	165	56
3374	150	46
3375	127	55
3376	159	74
3377	130	43
3378	132	67
3379	185	87
3380	151	68
3381	135	60
3382	129	53
3383	179	53
3384	116	95
3385	128	81
3386	159	61
3387	120	70
3388	185	71
3389	150	83
3390	167	88
3391	139	71
3392	153	88
3393	182	97
3394	132	43
3395	196	57
3396	118	91
3397	159	80
3398	112	69
3399	146	57
3400	146	54
3401	114	48
3402	131	67
3403	169	97
3404	162	63
3405	168	100
3406	124	83
3407	178	95
3408	153	53
3409	125	69
3410	120	90
3411	119	99
3412	131	92
3413	180	83
3414	119	98
3415	125	42
3416	195	81
3417	131	92
3418	142	71
3419	192	87
3420	176	102
3421	115	84
3422	164	99
3423	161	77
3424	112	96
3425	158	93
3426	198	102
3427	153	96
3428	191	42
3429	111	50
3430	177	80
3431	128	41
3432	149	82
3433	148	102
3434	168	80
3435	142	73
3436	124	66
3437	122	100
3438	112	44
3439	154	93
3440	158	70
3441	129	49
3442	189	41
3443	144	46
3444	110	74
3445	134	43
3446	118	85
3447	178	55
3448	156	102
3449	196	61
3450	126	104
3451	114	78
3452	171	98
3453	195	44
3454	157	70
3455	113	86
3456	164	81
3457	194	83
3458	117	76
3459	150	88
3460	187	85
3461	163	74
3462	154	100
3463	128	45
3464	152	46
3465	132	67
3466	138	80
3467	142	55
3468	129	40
3469	153	79
3470	181	87
3471	187	51
3472	176	58
3473	172	80
3474	189	100
3475	155	86
3476	184	102
3477	115	102
3478	178	46
3479	172	40
3480	191	42
3481	141	71
3482	136	87
3483	181	65
3484	171	55
3485	197	60
3486	197	97
3487	127	41
3488	121	82
3489	125	87
3490	138	70
3491	182	52
3492	123	45
3493	116	91
3494	186	69
3495	166	78
3496	137	64
3497	147	91
3498	124	83
3499	195	61
3500	191	41
3501	198	85
3502	160	60
3503	142	47
3504	179	53
3505	113	61
3506	145	93
3507	111	87
3508	132	68
3509	148	59
3510	199	100
3511	166	77
3512	123	88
3513	125	77
3514	182	93
3515	118	51
3516	132	40
3517	176	102
3518	179	55
3519	167	80
3520	181	63
3521	186	49
3522	150	44
3523	147	45
3524	194	51
3525	116	89
3526	193	59
3527	119	47
3528	114	97
3529	120	61
3530	114	68
3531	171	70
3532	129	95
3533	148	60
3534	197	59
3535	197	84
3536	132	97
3537	187	102
3538	174	74
3539	149	72
3540	129	56
3541	136	83
3542	144	51
3543	173	79
3544	185	80
3545	185	93
3546	180	52
3547	178	61
3548	111	79
3549	185	68
3550	142	65
3551	144	55
3552	164	56
3553	198	49
3554	172	60
3555	192	84
3556	128	76
3557	188	52
3558	140	96
3559	199	69
3560	152	72
3561	145	101
3562	161	102
3563	116	42
3564	142	63
3565	153	64
3566	139	79
3567	129	66
3568	169	46
3569	119	95
3570	125	53
3571	160	58
3572	124	51
3573	128	75
3574	141	83
3575	193	54
3576	154	90
3577	157	64
3578	141	56
3579	170	99
3580	189	96
3581	147	56
3582	119	41
3583	133	76
3584	185	88
3585	195	70
3586	140	41
3587	160	64
3588	160	99
3589	170	67
3590	161	95
3591	132	85
3592	118	43
3593	182	70
3594	167	54
3595	177	105
3596	115	101
3597	133	47
3598	175	98
3599	129	53
3600	157	58
3601	199	82
3602	139	61
3603	189	57
3604	125	99
3605	137	77
3606	175	51
3607	150	96
3608	192	90
3609	186	63
3610	115	63
3611	195	102
3612	139	68
3613	181	52
3614	129	52
3615	110	94
3616	180	81
3617	114	99
3618	147	99
3619	124	56
3620	166	41
3621	192	59
3622	119	46
3623	145	64
3624	164	90
3625	171	68
3626	195	92
3627	133	65
3628	128	78
3629	141	87
3630	160	84
3631	176	81
3632	141	67
3633	126	54
3634	192	70
3635	183	102
3636	110	65
3637	135	68
3638	174	102
3639	173	93
3640	128	85
3641	158	77
3642	127	82
3643	153	81
3644	176	93
3645	191	75
3646	165	103
3647	181	100
3648	189	49
3649	111	98
3650	125	56
3651	174	59
3652	137	54
3653	172	45
3654	148	92
3655	149	93
3656	117	82
3657	132	102
3658	138	93
3659	158	89
3660	186	44
3661	122	40
3662	199	80
3663	175	55
3664	179	46
3665	183	65
3666	180	76
3667	165	68
3668	143	94
3669	187	91
3670	137	59
3671	133	89
3672	173	57
3673	193	89
3674	112	51
3675	146	50
3676	169	55
3677	143	62
3678	192	42
3679	189	48
3680	179	81
3681	197	73
3682	142	42
3683	125	97
3684	153	43
3685	114	55
3686	114	87
3687	175	44
3688	126	88
3689	166	66
3690	123	44
3691	155	89
3692	127	93
3693	143	64
3694	151	84
3695	187	100
3696	156	89
3697	162	81
3698	173	100
3699	189	49
3700	127	77
3701	135	47
3702	190	58
3703	176	62
3704	187	51
3705	126	91
3706	140	91
3707	156	70
3708	177	50
3709	133	102
3710	165	49
3711	150	100
3712	158	99
3713	193	41
3714	113	74
3715	126	45
3716	118	48
3717	164	92
3718	141	90
3719	181	92
3720	178	79
3721	153	94
3722	116	96
3723	150	95
3724	158	80
3725	179	62
3726	167	72
3727	134	55
3728	112	95
3729	112	82
3730	137	94
3731	158	58
3732	149	64
3733	195	64
3734	183	43
3735	172	43
3736	165	46
3737	112	41
3738	134	49
3739	168	87
3740	124	43
3741	194	45
3742	168	45
3743	141	56
3744	194	42
3745	172	55
3746	135	64
3747	129	74
3748	194	47
3749	139	96
3750	137	81
3751	177	62
3752	172	51
3753	176	75
3754	142	52
3755	162	40
3756	195	69
3757	191	41
3758	164	48
3759	160	78
3760	150	69
3761	135	90
3762	134	45
3763	136	55
3764	157	70
3765	140	97
3766	190	88
3767	146	66
3768	154	48
3769	158	89
3770	176	43
3771	139	62
3772	152	67
3773	159	90
3774	198	83
3775	121	46
3776	140	49
3777	197	40
3778	188	59
3779	190	62
3780	168	84
3781	131	81
3782	139	103
3783	185	94
3784	154	101
3785	158	64
3786	153	100
3787	122	85
3788	181	78
3789	115	61
3790	129	54
3791	169	67
3792	184	67
3793	167	72
3794	113	67
3795	139	69
3796	116	96
3797	165	86
3798	146	52
3799	166	66
3800	181	83
3801	110	103
3802	196	62
3803	121	59
3804	111	69
3805	174	71
3806	146	94
3807	196	50
3808	122	102
3809	138	47
3810	114	67
3811	128	79
3812	115	64
3813	115	98
3814	168	72
3815	122	100
3816	142	91
3817	123	76
3818	152	88
3819	135	75
3820	154	48
3821	169	102
3822	126	93
3823	175	49
3824	133	75
3825	131	64
3826	181	86
3827	163	56
3828	149	104
3829	145	89
3830	152	95
3831	137	64
3832	174	49
3833	116	56
3834	118	90
3835	110	56
3836	126	60
3837	187	93
3838	177	43
3839	188	100
3840	197	104
3841	186	57
3842	146	44
3843	192	104
3844	133	72
3845	181	96
3846	114	96
3847	145	81
3848	196	45
3849	187	42
3850	120	100
3851	138	79
3852	140	56
3853	164	72
3854	158	75
3855	120	102
3856	126	50
3857	157	42
3858	198	65
3859	153	69
3860	132	102
3861	127	46
3862	145	76
3863	175	89
3864	164	98
3865	150	75
3866	155	54
3867	143	88
3868	139	43
3869	182	72
3870	196	88
3871	187	94
3872	147	63
3873	132	103
3874	194	91
3875	129	100
3876	184	102
3877	121	80
3878	161	80
3879	135	98
3880	176	97
3881	111	53
3882	174	95
3883	157	87
3884	127	80
3885	135	86
3886	172	54
3887	198	65
3888	184	95
3889	111	77
3890	136	98
3891	149	43
3892	184	101
3893	130	63
3894	181	51
3895	157	97
3896	111	70
3897	147	50
3898	131	97
3899	161	76
3900	179	43
3901	155	53
3902	197	60
3903	141	97
3904	146	73
3905	135	53
3906	180	84
3907	126	53
3908	124	55
3909	174	103
3910	165	58
3911	131	79
3912	162	90
3913	117	91
3914	116	51
3915	116	100
3916	137	60
3917	177	67
3918	144	102
3919	160	79
3920	184	93
3921	120	94
3922	132	72
3923	111	93
3924	184	65
3925	144	90
3926	150	94
3927	140	87
3928	114	78
3929	198	67
3930	161	86
3931	175	65
3932	128	65
3933	122	99
3934	188	85
3935	183	59
3936	130	99
3937	114	68
3938	118	95
3939	184	43
3940	173	67
3941	165	81
3942	138	44
3943	123	68
3944	153	56
3945	130	102
3946	113	65
3947	142	74
3948	175	85
3949	141	42
3950	171	103
3951	191	95
3952	155	84
3953	139	91
3954	120	69
3955	171	99
3956	180	60
3957	173	68
3958	113	55
3959	117	105
3960	198	68
3961	138	56
3962	155	101
3963	128	47
3964	149	50
3965	194	41
3966	144	89
3967	134	44
3968	158	83
3969	152	79
3970	156	100
3971	147	99
3972	125	49
3973	136	61
3974	152	70
3975	110	104
3976	163	54
3977	155	48
3978	120	44
3979	145	94
3980	119	104
3981	168	49
3982	174	45
3983	140	90
3984	117	54
3985	145	61
3986	133	71
3987	113	90
3988	190	47
3989	137	70
3990	137	58
3991	178	56
3992	132	101
3993	164	89
3994	182	69
3995	195	64
3996	177	46
3997	125	60
3998	171	75
3999	183	75
4000	168	44
4001	190	63
4002	165	57
4003	116	75
4004	154	54
4005	175	61
4006	187	61
4007	172	43
4008	194	92
4009	179	99
4010	150	97
4011	127	90
4012	155	99
4013	198	89
4014	156	58
4015	176	104
4016	157	103
4017	170	65
4018	111	45
4019	135	60
4020	126	59
4021	180	91
4022	140	97
4023	132	96
4024	130	104
4025	146	55
4026	140	99
4027	160	64
4028	137	42
4029	161	96
4030	129	80
4031	198	90
4032	148	62
4033	181	46
4034	137	100
4035	179	73
4036	125	75
4037	175	88
4038	140	105
4039	134	82
4040	165	51
4041	140	79
4042	145	67
4043	132	62
4044	147	47
4045	128	55
4046	171	44
4047	136	72
4048	124	74
4049	148	69
4050	147	67
4051	132	62
4052	192	98
4053	175	52
4054	175	76
4055	117	97
4056	184	88
4057	133	49
4058	171	98
4059	126	64
4060	118	94
4061	171	76
4062	190	79
4063	124	50
4064	198	104
4065	164	87
4066	174	56
4067	177	48
4068	162	58
4069	137	63
4070	191	63
4071	180	102
4072	159	98
4073	176	102
4074	192	43
4075	122	72
4076	140	90
4077	116	44
4078	179	65
4079	133	88
4080	177	68
4081	116	90
4082	196	54
4083	113	51
4084	156	71
4085	169	54
4086	137	75
4087	128	81
4088	161	47
4089	141	67
4090	147	50
4091	155	89
4092	194	65
4093	126	51
4094	146	96
4095	186	72
4096	112	84
4097	145	69
4098	110	82
4099	192	41
4100	175	93
4101	159	57
4102	133	49
4103	190	65
4104	148	62
4105	117	48
4106	144	63
4107	186	74
4108	190	70
4109	142	97
4110	147	105
4111	176	91
4112	122	86
4113	115	57
4114	192	57
4115	177	84
4116	116	55
4117	177	105
4118	143	73
4119	149	73
4120	123	69
4121	184	87
4122	180	65
4123	169	44
4124	166	79
4125	128	84
4126	184	64
4127	166	48
4128	198	85
4129	141	104
4130	150	44
4131	186	45
4132	171	92
4133	165	64
4134	197	50
4135	138	56
4136	125	73
4137	185	70
4138	170	43
4139	153	81
4140	118	59
4141	118	55
4142	145	43
4143	122	104
4144	182	50
4145	188	101
4146	159	63
4147	170	77
4148	146	100
4149	182	71
4150	152	77
4151	198	88
4152	140	56
4153	147	76
4154	182	99
4155	137	60
4156	142	55
4157	120	71
4158	178	81
4159	187	91
4160	172	55
4161	167	82
4162	187	98
4163	113	103
4164	131	50
4165	157	62
4166	128	56
4167	147	45
4168	193	46
4169	181	44
4170	192	65
4171	116	72
4172	136	52
4173	123	79
4174	149	88
4175	195	50
4176	171	103
4177	180	93
4178	188	65
4179	147	58
4180	126	54
4181	172	49
4182	136	54
4183	140	43
4184	139	100
4185	111	66
4186	171	88
4187	113	70
4188	134	48
4189	160	49
4190	172	98
4191	186	45
4192	186	94
4193	153	96
4194	149	93
4195	174	68
4196	166	85
4197	140	95
4198	172	87
4199	135	100
4200	166	57
4201	139	80
4202	137	89
4203	139	97
4204	125	75
4205	143	53
4206	147	54
4207	161	72
4208	119	84
4209	146	56
4210	186	103
4211	122	90
4212	146	43
4213	182	73
4214	123	90
4215	152	58
4216	142	90
4217	187	51
4218	127	48
4219	118	65
4220	180	48
4221	143	83
4222	170	53
4223	198	70
4224	168	60
4225	144	98
4226	198	91
4227	133	88
4228	195	51
4229	151	66
4230	133	104
4231	148	85
4232	128	45
4233	183	99
4234	190	98
4235	180	67
4236	192	70
4237	120	71
4238	151	82
4239	121	84
4240	124	102
4241	170	83
4242	113	44
4243	140	87
4244	193	66
4245	143	60
4246	112	79
4247	184	68
4248	135	101
4249	114	65
4250	134	45
4251	193	103
4252	151	93
4253	150	60
4254	197	101
4255	111	56
4256	192	57
4257	128	48
4258	117	84
4259	139	44
4260	142	81
4261	143	49
4262	157	100
4263	133	64
4264	194	57
4265	134	76
4266	152	59
4267	128	77
4268	131	55
4269	148	79
4270	165	63
4271	185	89
4272	177	91
4273	128	93
4274	185	52
4275	189	75
4276	115	58
4277	140	67
4278	141	99
4279	199	97
4280	139	81
4281	112	40
4282	169	42
4283	118	49
4284	194	50
4285	173	73
4286	199	47
4287	172	89
4288	166	84
4289	162	73
4290	183	51
4291	112	80
4292	113	52
4293	165	61
4294	172	65
4295	172	62
4296	177	82
4297	130	43
4298	169	90
4299	197	42
4300	132	50
4301	167	75
4302	112	89
4303	139	50
4304	118	99
4305	123	78
4306	148	100
4307	162	81
4308	179	72
4309	172	86
4310	163	96
4311	142	79
4312	191	75
4313	122	74
4314	153	96
4315	125	85
4316	126	54
4317	162	89
4318	151	58
4319	144	69
4320	198	92
4321	125	57
4322	115	64
4323	147	47
4324	125	60
4325	186	49
4326	193	66
4327	112	94
4328	121	61
4329	119	92
4330	128	86
4331	195	82
4332	194	54
4333	147	42
4334	128	46
4335	133	65
4336	178	70
4337	113	51
4338	124	52
4339	149	93
4340	148	103
4341	161	56
4342	121	63
4343	135	94
4344	132	84
4345	174	61
4346	193	79
4347	194	56
4348	139	45
4349	136	58
4350	185	90
4351	155	99
4352	182	68
4353	146	54
4354	182	81
4355	183	43
4356	158	100
4357	170	100
4358	177	59
4359	137	70
4360	162	101
4361	181	67
4362	117	63
4363	145	69
4364	174	89
4365	137	104
4366	148	55
4367	127	102
4368	128	82
4369	155	41
4370	126	57
4371	164	96
4372	154	41
4373	166	42
4374	189	84
4375	167	78
4376	153	84
4377	119	60
4378	115	45
4379	125	50
4380	126	40
4381	169	59
4382	159	88
4383	155	55
4384	143	51
4385	183	53
4386	198	83
4387	127	78
4388	193	102
4389	183	61
4390	115	41
4391	195	69
4392	176	66
4393	167	50
4394	111	64
4395	138	46
4396	197	98
4397	176	103
4398	155	97
4399	188	81
4400	126	99
4401	129	72
4402	167	95
4403	176	103
4404	192	78
4405	153	104
4406	186	98
4407	148	88
4408	151	45
4409	144	98
4410	192	94
4411	144	56
4412	145	71
4413	193	105
4414	132	60
4415	134	68
4416	195	47
4417	123	51
4418	160	101
4419	148	40
4420	158	58
4421	163	64
4422	198	70
4423	161	81
4424	141	80
4425	144	49
4426	127	51
4427	116	53
4428	172	99
4429	146	79
4430	158	98
4431	160	97
4432	127	89
4433	181	65
4434	161	100
4435	157	49
4436	120	102
4437	141	52
4438	184	88
4439	172	42
4440	159	96
4441	176	100
4442	151	73
4443	182	74
4444	180	100
4445	179	104
4446	189	72
4447	196	102
4448	167	86
4449	160	103
4450	164	64
4451	159	42
4452	136	43
4453	118	73
4454	167	88
4455	142	59
4456	196	95
4457	194	96
4458	148	77
4459	176	43
4460	143	77
4461	159	85
4462	113	102
4463	112	72
4464	166	103
4465	172	87
4466	152	103
4467	113	90
4468	182	98
4469	134	91
4470	122	41
4471	154	49
4472	140	95
4473	113	47
4474	121	76
4475	131	81
4476	160	92
4477	111	66
4478	174	84
4479	151	58
4480	139	76
4481	174	61
4482	168	93
4483	181	80
4484	133	48
4485	159	79
4486	113	94
4487	141	63
4488	111	45
4489	129	102
4490	177	99
4491	122	100
4492	163	84
4493	157	81
4494	191	41
4495	143	103
4496	132	60
4497	184	63
4498	172	70
4499	175	55
4500	174	49
4501	191	54
4502	170	85
4503	175	93
4504	177	91
4505	132	104
4506	155	69
4507	145	51
4508	144	57
4509	185	62
4510	143	64
4511	165	83
4512	116	48
4513	121	55
4514	113	78
4515	125	51
4516	122	104
4517	124	64
4518	155	95
4519	155	81
4520	148	83
4521	123	44
4522	182	98
4523	165	93
4524	170	83
4525	146	63
4526	191	49
4527	130	58
4528	114	99
4529	185	53
4530	190	96
4531	138	64
4532	116	47
4533	192	63
4534	118	88
4535	180	72
4536	122	78
4537	112	93
4538	118	79
4539	170	90
4540	167	87
4541	125	51
4542	123	83
4543	144	43
4544	121	81
4545	159	92
4546	197	45
4547	173	81
4548	198	69
4549	112	74
4550	124	47
4551	131	44
4552	196	47
4553	167	94
4554	149	76
4555	176	55
4556	153	88
4557	130	71
4558	178	97
4559	180	82
4560	148	93
4561	141	86
4562	131	65
4563	184	43
4564	150	103
4565	146	87
4566	175	94
4567	189	91
4568	173	73
4569	178	81
4570	189	59
4571	165	72
4572	188	78
4573	127	80
4574	159	97
4575	118	69
4576	147	89
4577	149	57
4578	132	61
4579	140	86
4580	113	41
4581	134	66
4582	154	78
4583	190	49
4584	144	68
4585	159	54
4586	140	73
4587	186	103
4588	180	41
4589	113	71
4590	136	81
4591	157	82
4592	129	89
4593	180	56
4594	141	58
4595	117	45
4596	189	76
4597	114	47
4598	197	60
4599	127	104
4600	139	47
4601	136	59
4602	134	65
4603	198	102
4604	144	68
4605	150	43
4606	175	86
4607	135	75
4608	190	84
4609	190	94
4610	136	90
4611	130	47
4612	157	40
4613	186	84
4614	133	55
4615	177	92
4616	118	80
4617	161	80
4618	171	49
4619	177	93
4620	178	69
4621	198	88
4622	132	97
4623	152	96
4624	156	103
4625	166	55
4626	193	42
4627	194	47
4628	178	76
4629	147	93
4630	113	75
4631	188	67
4632	112	95
4633	145	43
4634	154	89
4635	157	69
4636	160	90
4637	169	46
4638	112	80
4639	134	53
4640	120	62
4641	116	95
4642	193	82
4643	131	56
4644	188	74
4645	182	104
4646	178	48
4647	167	104
4648	127	95
4649	115	90
4650	178	84
4651	154	93
4652	153	58
4653	131	49
4654	169	59
4655	167	78
4656	135	55
4657	127	102
4658	111	82
4659	128	91
4660	187	98
4661	173	100
4662	183	84
4663	147	91
4664	173	57
4665	122	47
4666	187	103
4667	195	47
4668	171	41
4669	175	44
4670	156	94
4671	113	92
4672	137	56
4673	118	95
4674	145	60
4675	154	92
4676	122	63
4677	183	61
4678	181	75
4679	180	79
4680	165	49
4681	176	71
4682	192	93
4683	169	80
4684	119	91
4685	171	83
4686	141	89
4687	194	97
4688	146	44
4689	188	66
4690	113	75
4691	197	84
4692	193	80
4693	112	98
4694	162	82
4695	164	44
4696	136	98
4697	124	78
4698	112	61
4699	118	50
4700	118	44
4701	160	103
4702	177	96
4703	171	80
4704	141	51
4705	151	74
4706	138	47
4707	125	90
4708	163	44
4709	179	55
4710	169	51
4711	136	68
4712	189	43
4713	142	80
4714	165	92
4715	149	75
4716	128	52
4717	162	78
4718	184	50
4719	139	84
4720	136	85
4721	180	40
4722	169	40
4723	169	99
4724	119	45
4725	140	100
4726	122	75
4727	164	63
4728	174	80
4729	115	84
4730	154	84
4731	159	104
4732	188	84
4733	132	66
4734	198	42
4735	155	51
4736	127	47
4737	152	61
4738	120	64
4739	113	86
4740	130	45
4741	144	64
4742	179	89
4743	156	89
4744	135	89
4745	165	78
4746	117	77
4747	150	88
4748	133	83
4749	126	70
4750	195	71
4751	187	69
4752	178	48
4753	177	91
4754	143	63
4755	112	45
4756	145	81
4757	180	48
4758	172	96
4759	186	49
4760	118	44
4761	142	105
4762	129	95
4763	127	63
4764	152	95
4765	135	48
4766	119	92
4767	184	41
4768	183	45
4769	154	101
4770	177	77
4771	148	60
4772	184	48
4773	154	48
4774	196	80
4775	135	87
4776	192	93
4777	129	104
4778	164	103
4779	115	103
4780	191	79
4781	178	80
4782	169	102
4783	113	66
4784	192	64
4785	144	49
4786	166	73
4787	188	91
4788	128	68
4789	128	69
4790	170	103
4791	182	54
4792	128	49
4793	157	76
4794	133	53
4795	182	105
4796	193	48
4797	166	72
4798	143	42
4799	175	43
4800	196	62
4801	157	100
4802	126	66
4803	130	43
4804	131	96
4805	130	83
4806	178	94
4807	157	90
4808	142	54
4809	119	72
4810	173	51
4811	157	79
4812	165	89
4813	174	47
4814	134	92
4815	175	68
4816	188	49
4817	151	77
4818	143	100
4819	151	74
4820	167	75
4821	193	101
4822	113	88
4823	164	80
4824	121	46
4825	159	68
4826	184	98
4827	178	99
4828	174	88
4829	113	74
4830	110	47
4831	136	53
4832	199	51
4833	129	42
4834	187	41
4835	112	102
4836	120	84
4837	161	48
4838	167	82
4839	151	97
4840	183	75
4841	170	47
4842	194	92
4843	139	44
4844	184	103
4845	198	62
4846	184	99
4847	172	97
4848	197	94
4849	123	94
4850	168	88
4851	121	57
4852	194	62
4853	124	76
4854	183	72
4855	192	78
4856	182	101
4857	181	51
4858	196	67
4859	122	55
4860	183	45
4861	144	44
4862	142	94
4863	139	54
4864	141	82
4865	155	40
4866	124	100
4867	178	59
4868	144	77
4869	190	96
4870	186	51
4871	162	85
4872	171	97
4873	199	42
4874	123	89
4875	122	48
4876	135	83
4877	136	69
4878	150	45
4879	133	96
4880	167	102
4881	192	88
4882	123	47
4883	187	99
4884	143	59
4885	144	77
4886	147	75
4887	160	43
4888	189	100
4889	156	92
4890	175	60
4891	145	61
4892	125	65
4893	151	89
4894	145	54
4895	194	51
4896	186	93
4897	185	101
4898	162	54
4899	168	51
4900	197	101
4901	135	63
4902	144	88
4903	144	43
4904	158	40
4905	116	85
4906	180	97
4907	187	53
4908	122	58
4909	118	65
4910	143	58
4911	190	49
4912	122	63
4913	146	89
4914	135	67
4915	144	82
4916	162	55
4917	111	75
4918	162	97
4919	142	87
4920	125	61
4921	192	47
4922	118	96
4923	196	77
4924	191	92
4925	167	73
4926	159	93
4927	119	74
4928	121	45
4929	195	49
4930	189	92
4931	159	47
4932	141	75
4933	163	63
4934	161	68
4935	132	89
4936	170	87
4937	132	80
4938	193	49
4939	139	49
4940	160	91
4941	178	92
4942	156	64
4943	182	44
4944	142	81
4945	162	66
4946	194	65
4947	171	104
4948	160	47
4949	143	73
4950	117	69
4951	138	63
4952	136	45
4953	112	43
4954	154	60
4955	113	96
4956	177	98
4957	114	87
4958	142	85
4959	154	42
4960	167	62
4961	156	101
4962	175	85
4963	198	41
4964	160	102
4965	178	50
4966	165	83
4967	153	95
4968	133	41
4969	184	45
4970	126	40
4971	119	73
4972	159	44
4973	168	89
4974	141	61
4975	137	44
4976	120	101
4977	113	50
4978	145	60
4979	161	79
4980	112	87
4981	134	86
4982	128	95
4983	145	94
4984	115	94
4985	191	63
4986	183	70
4987	156	64
4988	148	78
4989	127	85
4990	176	52
4991	199	43
4992	144	80
4993	123	86
4994	112	53
4995	168	103
4996	161	83
4997	133	65
4998	145	62
4999	149	81
5000	151	102
